916 -724
-9 320
-42 890
239 -160
-280 252
-142 -860
-250 415
-18 -671
-946 243
-278 576
-275 516
462 456
526 628
-662 437
249 -772
-814 -443
-217 -244
267 441
-76 206
804 -97
633 -403
433 328
265 -33
-187 -451
748 360
-494 686
-50 887
-120 398
227 584
639 259
669 388
-762 -513
-17 447
-963 457
323 -892
691 241
492 787
-359 600
-687 -959
456 -810
-877 -648
882 -130
165 -115
-904 -88
-426 262
-711 236
-739 -133
-196 447
-120 943
705 599
-344 537
27 916
-203 -225
-687 -344
-256 -970
180 -876
748 217
292 477
-238 539
213 -879
-114 -860
788 59
639 771
510 -255
-764 893
507 -914
697 -892
-856 609
688 -931
-137 432
-820 -2
-783 843
581 -744
520 -648
898 -446
798 -986
633 756
221 -589
-814 -868
946 -447
-288 -748
18 885
490 870
593 370
959 480
298 110
-731 445
-236 -293
-268 79
-817 327
-993 569
127 -549
-321 -805
6 -529
60 414
-345 920
621 781
901 447
-142 -456
-122 365
299 374
203 612
930 551
970 -809
713 -656
-15 481
-454 149
-63 903
540 -898
403 908
-305 10
-99 -501
916 291
-352 475
643 -707
-281 -875
-201 -826
3 -149
-896 -80
702 -359
-72 -233
-283 -119
-3 -208
679 -39
-873 -72
749 -870
43 -760
153 -177
-794 400
-903 -597
963 -298
43 301
445 353
458 -15
-989 -158
-716 -484
-66 873
-999 339
-638 -829
512 837
-996 -577
-273 -458
836 -639
-159 -716
-755 -218
662 170
-542 -716
-9 160
-629 193
-337 -837
-611 534
-495 -857
-65 -269
302 410
-330 -855
805 -396
-369 146
-152 -211
-681 -450
-142 394
938 416
-400 947
293 988
-84 588
364 -470
-446 529
-995 -109
-641 -782
-216 -274
166 -114
-30 -752
140 708
-387 -791
715 -494
777 922
57 779
83 834
-250 650
-595 -815
-124 -166
-147 -248
-856 962
-108 -760
809 -947
-19 540
474 -441
337 -555
312 956
-39 -971
510 -672
-250 -736
251 -63
-617 -630
40 -312
254 -818
648 770
-826 -445
40 -911
113 -414
-480 -422
424 664
949 207
-133 632
820 -223
-675 580
508 -379
-434 -447
-535 981
-563 419
-21 716
326 -535
-537 -121
-697 187
-818 282
499 368
374 839
-85 -859
643 -649
-566 -870
-119 216
765 -615
816 502
818 685
-63 890
-11 428
167 873
-873 -804
-733 -484
117 954
346 394
-88 449
964 750
146 820
-552 7
-569 447
-581 -817
-272 -222
877 828
126 241
860 -238
-61 895
-713 295
-62 -781
965 -849
-356 210
141 -217
479 -377
-160 -409
-36 106
-408 682
25 -487
73 711
-934 -856
-780 695
881 -269
-356 813
-924 129
-389 -890
566 812
174 -129
-941 624
-483 42
-395 -633
14 11
611 -295
638 -879
-842 945
685 442
-221 926
465 444
-249 -906
-93 872
847 -512
-507 940
337 -829
723 -619
936 410
758 756
969 84
714 526
-521 -869
484 820
296 283
318 -110
764 363
60 -92
174 -48
-21 -611
589 388
876 144
-397 -565
398 -246
-757 -159
481 505
20 -891
-628 766
-142 -298
362 511
676 753
990 438
-933 -490
292 161
114 -648
651 -570
292 301
536 -173
491 164
199 178
604 -3
144 -893
485 708
635 733
-815 790
-652 916
560 253
-823 -920
882 973
-964 23
-193 23
-828 -569
95 998
88 -664
645 -400
337 962
-214 257
-712 -619
-139 -681
-891 294
301 321
346 -247
-769 -629
74 686
549 407
-998 50
-240 375
7 -61
784 562
-518 -741
991 917
234 24
-45 810
-961 -622
418 571
-138 931
-814 777
-652 735
251 -135
-669 -766
565 -972
-265 546
511 242
-423 -628
-960 -627
-747 429
-780 -536
-227 660
-72 396
113 -602
452 763
-75 747
-23 696
434 -939
-300 -571
-186 -427
-187 -144
864 -949
-888 -857
770 767
-300 -127
-226 415
307 -975
-706 -976
418 311
557 979
-218 630
35 211
205 -335
19 -572
-64 431
92 -578
86 462
-141 -645
147 -219
175 775
996 -196
-750 -465
-763 -438
352 -106
787 -844
-493 -597
-750 -918
-608 -594
53 835
350 -982
834 425
701 -136
570 476
-730 -766
-533 26
-146 -339
-946 714
975 846
280 -789
-35 -339
-206 838
682 -305
-31 -38
-589 -212
-405 -847
-983 763
796 391
139 -651
846 80
993 -41
-553 938
821 570
655 -293
-170 895
725 547
-144 -665
353 -186
-358 621
-422 -457
212 425
-187 -626
692 -419
2 237
-141 -54
902 12
-757 -459
994 -746
-697 -1
-525 -562
-722 -274
133 -931
-38 792
-234 -148
-720 940
744 -476
129 -495
-418 -942
-119 -113
149 -945
-720 -410
-883 -937
-411 -514
-976 388
243 320
339 -630
-128 -627
339 -295
684 -724
994 -731
-676 -600
895 -711
-795 332
425 322
-322 86
-42 -134
-219 584
-729 -920
-575 40
-261 938
-463 523
220 -979
1000 -638
953 568
878 -350
-615 442
338 -252
-7 -854
-53 -673
16 -168
-983 73
-73 -382
-300 346
46 -533
483 192
858 -322
-202 461
742 -287
-619 -40
110 -805
-136 -862
700 -453
-777 966
523 338
323 -722
-75 -437
-589 488
-425 -811
839 164
515 -572
83 424
626 316
597 608
-578 569
77 178
-37 54
924 838
335 -682
968 -469
987 -968
-244 -405
-126 44
-37 214
696 -609
-794 942
656 -26
-369 -793
809 -516
-536 -198
682 -479
-267 20
-56 46
-203 464
591 46
144 165
415 331
-864 547
729 -894
-640 -628
104 -292
-972 699
341 922
615 -742
-300 -4
649 -749
-411 -193
-920 -772
-244 -503
188 -908
-336 322
659 828
861 261
-187 -975
256 -111
375 -420
390 61
-16 828
-405 640
-389 37
362 600
600 28
357 -285
934 -708
-627 -832
-490 -77
-95 792
757 -276
151 -716
348 -960
873 837
120 -553
-832 -703
-782 80
-413 55
-715 -259
-869 -32
-764 324
101 340
-803 940
-703 -756
387 -231
307 -590
-979 -952
883 538
-993 712
890 -559
-210 -679
-427 -804
-912 579
387 645
-866 562
624 453
682 699
585 582
-890 -107
303 -408
-596 561
513 -564
-133 491
933 -409
777 -214
771 -488
168 -703
-734 962
908 -433
-39 697
244 -315
-280 88
-723 827
218 645
-505 -387
684 512
362 -653
815 -823
-454 -770
-306 191
-902 -631
874 -352
-632 -43
181 -267
704 -101
-322 -453
-969 287
329 -162
-433 -501
811 789
766 59
11 979
-740 -954
902 -249
897 440
338 517
-875 438
461 -484
-652 -371
24 575
213 300
301 591
254 287
-366 347
61 -621
71 -924
167 428
882 399
322 -562
616 829
594 -465
307 928
-527 588
-815 -169
-106 -869
776 -265
-113 -141
494 -225
255 343
87 182
-17 -9
605 125
-471 659
-92 359
-525 924
943 -614
-854 -830
818 -794
967 -474
357 -137
-118 277
-559 888
-117 290
316 355
-538 112
170 -649
761 231
168 -641
24 936
483 123
-890 -981
-983 956
903 247
112 -927
-859 -916
428 185
-976 117
797 891
324 916
-21 888
-109 986
-118 -968
-713 -143
663 -744
656 -569
20 -111
329 -389
-126 -380
-458 -845
703 -324
-503 -45
-751 -570
-883 700
392 30
289 -572
841 -265
890 103
1000 -412
665 3
641 -900
-739 -938
-793 31
440 452
-554 -481
336 280
125 338
-259 -50
74 33
297 -689
-199 768
-431 -612
-841 -687
894 -656
323 -440
209 661
-698 -776
770 238
-993 -647
971 157
815 -651
-614 -504
443 816
-957 750
-449 483
780 731
125 -1
-77 977
338 596
426 -169
171 -79
-558 -306
-754 774
193 -389
-851 843
403 715
458 358
882 -578
-762 -204
284 -849
-523 -928
870 -769
731 302
-691 -267
-69 611
845 926
-608 -433
601 -669
470 -556
-621 322
146 -339
430 -273
-996 -901
100 666
368 145
-447 319
549 152
-39 -172
266 175
-843 -679
140 -565
-156 735
-146 -669
-866 -825
867 737
261 509
-724 -598
-41 -584
981 184
-348 -419
213 -345
154 533
112 -126
-471 277
645 -443
-150 -228
-682 -41
952 -392
949 -527
-553 186
484 957
-892 297
846 593
-894 117
312 -728
-264 -988
930 555
600 439
-592 446
-863 -925
-687 809
-763 730
211 120
-965 -366
-656 -68
659 695
-741 -535
-972 -693
180 -818
-48 287
820 83
-615 47
692 496
-136 554
581 -616
685 -283
983 222
126 -293
467 -586
46 148
-770 330
-900 905
40 -325
-37 -98
383 -444
781 -754
-774 -360
469 -238
-296 813
132 -738
166 -749
154 -568
892 -976
-715 87
-867 393
-980 223
-934 962
810 377
60 -940
691 -65
-420 -974
592 936
153 -480
444 728
940 -231
48 -188
357 926
-882 -802
53 -136
-55 865
-847 -340
-167 -823
-160 -693
541 -453
-542 143
71 -747
169 -916
-901 160
-383 -146
-400 -239
-104 560
-276 70
-763 78
-16 -769
-999 -926
546 908
118 -375
-807 -933
-437 -975
-748 -283
271 254
809 -55
-430 -346
-529 -907
-465 831
316 915
346 58
-29 -480
-455 -555
-759 -8
46 -581
-12 -555
523 752
-105 -552
-985 -544
122 -699
684 -976
-563 -661
231 -665
-908 776
725 439
-697 -264
-917 565
-677 -985
-589 -691
-777 -70
518 -413
-113 828
3 58
-178 612
-243 -636
32 -662
778 396
827 513
-383 662
-447 -383
-854 -523
-637 -734
-75 815
-983 -478
869 -487
-660 -257
21 952
-434 -729
-401 -132
-561 844
616 -52
-423 -272
35 -640
-563 277
-276 844
-90 139
-334 -956
880 536
-285 -282
505 627
-401 -298
845 -637
688 61
58 -638
-254 -940
302 -578
-305 -664
63 -512
-665 217
-189 -810
-684 770
929 237
-460 549
-925 -430
-932 -132
197 -969
-319 -421
-927 -278
-583 150
610 800
-472 -183
546 -381
622 -166
-742 -993
208 -184
77 -947
932 262
583 921
432 947
-745 133
875 788
-783 -192
-659 -856
197 -260
387 -875
-572 900
182 -373
149 694
298 -572
-611 -460
828 -182
451 -845
133 822
-690 -687
896 756
-938 486
-459 928
398 -859
-545 -537
-777 -922
47 580
-820 350
87 531
423 153
-355 285
-603 206
-478 182
733 -967
258 878
-492 662
640 294
227 129
260 166
-216 337
300 394
748 142
368 281
493 -548
525 -874
-489 242
863 1000
428 -259
-237 -324
-938 -538
163 289
37 -174
-233 -63
815 -696
734 318
631 568
-454 110
953 -420
-155 -821
-793 -374
-829 64
-99 702
420 -401
-153 254
-77 373
-591 709
-767 97
965 -465
-219 -889
225 -253
-551 -130
-596 -130
